1000	1		0.33205		0.76653		0			0			1		1		5.355645161
1		2		0.00188		0.00433		47.78		19.009		1		1		0.030322581
2		3		0.22324		0.51535		42.551		16.929		1		1		3.600645161
3		4		0.09943		0.22953		87.022		34.622		1		1		1.603709677
4		5		0.15571		0.35945		311.31		123.855		1		1		2.511451613
5		6		0.16321		0.37677		148.869		59.228		1		1		2.632419355
6		7		0.11444		0.26417		238.672		94.956		1		1		1.845806452
6		9		0.05675		0.05666		62.299		24.786		1		1		0.915322581
9		10		0.52124		0.27418		124.598		49.571		1		1		8.407096774
9		12		0.10877		0.1086		140.175		55.768		1		1		1.754354839
12		13		0.39803		0.20937		116.813		46.474		1		1		6.41983871
12		15		0.91744		0.31469		249.203		99.145		1		1		14.79741935
12		17		0.11823		0.11805		291.447		115.952		1		1		1.906935484
17		18		0.50228		0.26421		303.72		120.835		1		1		8.101290323
17		20		0.05675		0.05666		215.396		85.695		1		1		0.915322581
20		21		0.29379		0.15454		198.586		79.007		1		1		4.738548387
1001	24		0.33205		0.76653		0			0			1		1		5.355645161
24		25		0.00188		0.00433		0			0			1		1		0.030322581
25		26		0.22324		0.51535		0			0			1		1		3.600645161
26		27		0.10881		0.25118		30.127		14.729		1		1		1.755
27		28		0.71078		0.37388		230.972		112.92		1		1		11.46419355
27		29		0.18197		0.42008		60.256		29.458		1		1		2.935
29		30		0.30326		0.15952		230.972		112.92		1		1		4.891290323
29		32		0.02439		0.0563		120.507		58.915		1		1		0.393387097
32		33		0.04502		0.10394		0			0			1		1		0.726129032
33		34		0.01876		0.04331		56.981		27.857		1		1		0.302580645
34		35		0.11823		0.11805		364.665		178.281		1		1		1.906935484
35		36		0.02365		0.02361		0			0			1		1		0.381451613
36		37		0.18954		0.0997		124.647		60.939		1		1		3.057096774
37		38		0.39803		0.20937		56.981		27.857		1		1		6.41983871
36		39		0.05675		0.05666		0			0			1		1		0.915322581
39		40		0.09477		0.04985		85.473		41.787		1		1		1.528548387
40		41		0.41699		0.21934		0			0			1		1		6.725645161
41		42		0.11372		0.05982		396.735		193.96		1		1		1.834193548
39		43		0.07566		0.07555		0			0			1		1		1.220322581
43		44		0.3696		0.19442		181.152		88.563		1		1		5.961290323
44		45		0.26536		0.13958		242.172		118.395		1		1		4.28
43		46		0.05675		0.05666		75.316		36.821		1		1		0.915322581
1002	48		0.33205		0.76653		0			0			1		1		5.355645161
48		49		0.11819		0.27283		1.254		0.531		1		1		1.906290323
49		50		2.96288		1.01628		6.274		2.66		1		1		47.7883871
49		51		0.00188		0.00433		0			0			1		1		0.030322581
51		52		0.06941		0.16024		117.88		49.971		1		1		1.119516129
52		53		0.81502		0.42872		62.668		26.566		1		1		13.14548387
52		54		0.06378		0.14724		172.285		73.034		1		1		1.028709677
54		55		0.13132		0.30315		458.556		194.388		1		1		2.118064516
55		56		0.06191		0.14291		262.962		111.473		1		1		0.998548387
56		57		0.11444		0.26417		235.761		99.942		1		1		1.845806452
57		58		0.28374		0.28331		0			0			1		1		4.576451613
58		59		0.28374		0.28331		109.215		46.298		1		1		4.576451613
57		61		0.04502		0.10394		0			0			1		1		0.726129032
61		62		0.02626		0.06063		72.809		30.865		1		1		0.423548387
62		63		0.06003		0.13858		258.473		109.57		1		1		0.968225806
63		64		0.03002		0.06929		69.169		29.322		1		1		0.484193548
64		65		0.02064		0.04764		21.843		9.26		1		1		0.332903226
62		67		0.10881		0.25118		0			0			1		1		1.755
67		68		0.25588		0.1346		20.527		8.702		1		1		4.127096774
68		69		0.41699		0.21934		150.548		63.819		1		1		6.725645161
69		70		0.50228		0.26421		220.687		93.552		1		1		8.101290323
70		71		0.3317		0.17448		92.384		39.163		1		1		5.35
71		72		0.20849		0.10967		0			0			1		1		3.362741935
56		73		0.13882		0.32047		226.693		96.098		1		1		2.239032258
1003	75		0.0075		0.01732		0			0			1		1		0.120967742
75		76		0.27014		0.62362		294.016		116.974		1		1		4.357096774
76		77		0.3827		0.88346		83.015		33.028		1		1		6.172580645
77		78		0.33018		0.7622		83.015		33.028		1		1		5.325483871
78		80		0.3283		0.75787		103.77		41.285		1		1		5.29516129
80		81		0.17072		0.39409		176.408		70.184		1		1		2.753548387
81		82		0.55914		0.29412		83.015		33.028		1		1		9.018387097
81		83		0.05816		0.13425		217.917		86.698		1		1		0.938064516
83		84		0.7013		0.3689		23.294		9.267		1		1		11.31129032
84		85		1.02352		0.53839		5.075		2.019		1		1		16.5083871
83		86		0.06754		0.15591		72.638		28.899		1		1		1.089354839
86		87		1.32352		0.45397		405.99		161.523		1		1		21.34709677
1004	121		0.01126		0.02598		0			0			1		1		0.181612903
121		122		0.72976		1.68464		100.182		42.468		1		1		11.77032258
122		123		0.22512		0.51968		142.523		60.417		1		1		3.630967742
123		124		0.20824		0.48071		96.042		40.713		1		1		3.358709677
124		125		0.0469		0.10827		300.454		127.366		1		1		0.756451613
125		127		0.6195		0.61857		141.238		59.873		1		1		9.991935484
127		128		0.34049		0.33998		279.847		118.631		1		1		5.491774194
128		129		0.56862		0.29911		87.312		37.013		1		1		9.171290323
128		130		0.10877		0.1086		243.849		103.371		1		1		1.754354839
130		131		0.56862		0.29911		247.75		105.025		1		1		9.171290323
1005	133		0.01126		0.02598		0			0			1		1		0.181612903
133		134		0.41835		0.96575		89.878		38.101		1		1		6.747580645
134		135		0.10499		0.13641		1137.28		482.108		1		1		1.693387097
134		136		0.43898		1.01338		458.339		194.296		1		1		7.080322581
136		137		0.0752		0.02579		385.197		163.29		1		1		1.212903226
137		138		0.07692		0.17756		0			0			1		1		1.240645161
138		139		0.33205		0.76653		79.608		33.747		1		1		5.355645161
139		141		0.08442		0.19488		87.312		37.013		1		1		1.361612903
141		142		0.1332		0.30748		0			0			1		1		2.148387097
142		143		0.2932		0.29276		74.001		31.37		1		1		4.729032258
143		144		0.21753		0.21721		232.05		98.369		1		1		3.508548387
144		145		0.26482		0.26443		141.819		60.119		1		1		4.271290323
142		146		0.10318		0.23819		0			0			1		1		1.664193548
146		147		0.13507		0.31181		76.449		32.408		1		1		2.178548387
1006	148		0.00938		0.02165		0			0			1		1		0.151290323
148		149		0.16884		0.38976		51.322		21.756		1		1		2.723225806
149		150		0.11819		0.27283		59.874		25.381		1		1		1.906290323
150		152		2.28608		0.78414		9.065		3.843		1		1		36.87225806
150		153		0.45587		1.05236		2.092		0.887		1		1		7.352741935
153		154		0.696		1.60669		16.735		7.094		1		1		11.22580645
154		155		0.45774		1.05669		1506.522	638.634		1		1		7.382903226
155		156		0.20298		0.26373		313.023		132.694		1		1		3.273870968
156		157		0.21348		0.27737		79.831		33.842		1		1		3.443225806
157		158		0.54967		0.28914		51.322		21.756		1		1		8.865645161
158		159		0.54019		0.28415		0			0			1		1		8.712741935
157		160		0.0455		0.05911		202.435		85.815		1		1		0.733870968
160		162		0.47385		0.24926		60.823		25.784		1		1		7.642741935
162		163		0.86241		0.45364		45.618		19.338		1		1		13.90983871
163		164		0.56862		0.29911		0			0			1		1		9.171290323
158		200		0.77711		0.40878		157.07		66.584		1		1		12.53403226
200		201		1.08038		0.5683		0			0			1		1		17.42548387
159		202		1.09933		0.57827		250.148		106.041		1		1		17.73112903
202		203		0.47385		0.24926		0			0			1		1		7.642741935
154		204		0.32267		0.74488		69.809		29.593		1		1		5.204354839
204		205		0.14633		0.33779		32.072		13.596		1		1		2.36016129
205		206		0.12382		0.28583		61.084		25.894		1		1		1.997096774
1007	207		0.01126		0.02598		0			0			1		1		0.181612903
207		208		0.6491		1.49842		94.622		46.26		1		1		10.46935484
208		209		0.04502		0.10394		49.858		24.375		1		1		0.726129032
209		210		0.5264		0.18056		123.164		60.214		1		1		8.490322581
209		211		0.02064		0.04764		78.35		38.304		1		1		0.332903226
211		212		0.53071		0.27917		145.475		71.121		1		1		8.55983871
211		214		0.09755		0.2252		21.369		10.447		1		1		1.573387097
214		215		0.11819		0.27283		74.789		36.564		1		1		1.906290323
214		217		0.13882		0.32047		227.926		111.431		1		1		2.239032258
217		218		0.04315		0.09961		35.614		17.411		1		1		0.695967742
218		219		0.09192		0.2122		249.295		121.877		1		1		1.482580645
219		220		0.16134		0.37244		316.722		154.842		1		1		2.602258065
220		221		0.37832		0.37775		333.817		163.199		1		1		6.101935484
221		222		0.39724		0.39664		249.295		121.877		1		1		6.407096774
222		223		0.2932		0.29276		0			0			1		1		4.729032258
7		86		0.13132		0.30315		0			0			0		0		2.118064516
10		32		0.26536		0.13958		0			0			0		0		4.28
20		130		0.14187		0.14166		0			0			0		0		2.288225806
46		223		0.08512		0.08499		0			0			0		0		1.372903226
33		61		0.04502		0.10394		0			0			0		0		0.726129032
59		145		0.14187		0.14166		0			0			0		0		2.288225806
65		147		0.14187		0.14166		0			0			0		0		2.288225806
73		206		0.0394		0.09094		0			0			0		0		0.635483871
78		125		0.12944		0.29882		0			0			0		0		2.087741935
125		219		0.01688		0.03898		0			0			0		0		0.272258065
131		223		0.3317		0.17448		0			0			0		0		5.35
139		154		0.14187		0.14166		0			0			0		0		2.288225806
138		217		0.07692		0.17756		0			0			0		0		1.240645161
138		153		0.07692		0.17756		0			0			0		0		1.240645161
141		154		0.07692		0.17756		0			0			0		0		1.240645161
141		220		0.07692		0.17756		0			0			0		0		1.240645161
145		206		0.26482		0.26443		0			0			0		0		4.271290323
160		56		0.49696		0.64567		0			0			0		0		8.015483871
212		122		0.17059		0.08973		0			0			0		0		2.751451613
215		123		0.05253		0.12126		0			0			0		0		0.847258065
223		147		0.2932		0.29276		0			0			0		0		4.729032258
	